0.000000
29551.500000
59103.000000
88654.500000
118206.000000
147757.500000
177309.000000
206860.500000
236412.000000
265963.500000
295515.000000
325066.500000
354618.000000
384169.500000
413721.000000
443272.500000
472824.000000
502375.500000
531927.000000
561478.500000
591030.000000
620581.500000
650133.000000
679684.500000
709236.000000
738787.500000
768339.000000
797890.500000
827442.000000
856993.500000
886545.000000
916096.500000
945648.000000
975199.500000
1004751.000000
1034302.500000
1063854.000000
1093405.500000
1122957.000000
1152508.500000
1182060.000000
1211611.500000
1241163.000000
1270714.500000
1300266.000000
1329817.500000
1359369.000000
1388920.500000
1418472.000000
1448023.500000
1477575.000000
1507126.500000
1536678.000000
1566229.500000
1595781.000000
1625332.500000
1654884.000000
1684435.500000
1713987.000000
1743538.500000
1773090.000000
1802641.500000
1832193.000000
1861744.500000
1891296.000000
1920847.500000
1950399.000000
1979950.500000
2009502.000000
2039053.500000
2068605.000000
2098156.500000
2127708.000000
2157259.500000
2186811.000000
2216362.500000
2245914.000000
2275465.500000
2305017.000000
2334568.500000
2364120.000000
2393671.500000
2423223.000000
2452774.500000
2482326.000000
2511877.500000
2541429.000000
2570980.500000
2600532.000000
2630083.500000
2659635.000000
2689186.500000
2718738.000000
2748289.500000
2777841.000000
2807392.500000
2836944.000000
2866495.500000
2896047.000000
2925598.500000
